Pi/2      = 1.570796326795
Estimate  = 1.571118943138
